(18000,6.4818096)
(34300,7.7802753)
(5300,32.542564)
(2300,48.122074)
(14400,8.024891)
(10001,57.081078)
(28601,5.5168333)
(21501,6.362927)
(30002,77.29379)
(31102,22.71594)
(27302,37.887825)
(33202,6.6212506)
(25102,9.982553)
(34302,8.16384)
(28602,8.766137)
(14003,5.0907235)
(9503,8.001513)
(34603,32.02706)
(35703,5.710742)
(26003,8.071184)
(27803,26.66894)
(28603,5.34104)
(33303,8.721117)
(34103,6.066152)
(30403,6.5768156)
(36404,5.4586987)
(22504,5.8426805)
(31104,8.937033)
(23204,14.066375)
(33804,6.7796702)
(26604,5.9200597)
(19504,6.544664)
(13204,5.13131)
(15405,9.956018)
(25805,8.497354)
(14905,6.2311687)
(12505,6.4143443)
(28005,10.0190735)
(36105,7.4338536)
(22606,10.072838)
(34606,29.998665)
(5506,30.92121)
(27106,27.025171)
(23206,7.095913)
(33206,9.779323)
(26306,6.932879)
(18406,5.6043644)
(24207,9.204996)
(34007,10.1913185)
(9907,5.2237334)
(107,5.7744837)
(37107,55.07164)
(35008,241.76376)
(36008,7.066232)
(35708,11.301559)
(30809,44.468792)
(26409,5.1732388)
(34709,5.1102695)
(32509,15.116915)
(28909,13.1995735)
(37009,5.7082343)
(10609,5.0057096)
(4210,5.843017)
(17010,16.045418)
(5210,24.113138)
(29710,17.852924)
(33410,33.406647)
(24010,5.4503407)
(26110,35.99114)
(25210,14.918434)
(4411,10.071674)
(29911,5.539058)
(28611,5.537111)
(21411,8.8636)
(32411,5.063804)
(30611,7.3108544)
(26311,5.4490113)
(29212,17.02019)
(9812,8.651432)
(32712,5.6398516)
(29912,7.9491305)
(35912,5.047973)
(3712,74.79308)
(28612,12.743771)
(25812,10.8946495)
(31713,10.8692045)
(36113,7.151276)
(33813,12.213592)
(7513,7.4476457)
(15313,6.5978546)
(34114,105.821915)
(28014,7.440012)
(32714,16.520498)
(30714,6.2861695)
(30214,5.0373025)
(19114,8.047982)
(11814,9.502426)
(29115,18.063713)
(15115,8.9582815)
(22715,6.304764)
(29715,8.45168)
(34016,5.5809145)
(35616,13.930876)
(32616,6.477262)
(3416,5.184516)
(37116,5.857652)
(33716,7.6817536)
(35116,9.230377)
(28417,5.235159)
(31917,37.139233)
(28217,20.057178)
(24718,21.337286)
(31518,22.974016)
(21018,10.692645)
(31318,10.2257595)
(31018,9.150723)
(26918,7.79818)
(17318,8.104129)
(23818,21.31245)
(28118,21.391718)
(36819,45.335583)
(13719,11.662593)
(28419,9.196674)
(16119,56.679535)
(30819,7.529615)
(36620,38.120842)
(36520,6.168681)
(18320,10.202059)
(29620,7.4716606)
(36720,6.576604)
(16321,11.054034)
(5921,6.736204)
(37021,5.619683)
(32821,10.289967)
(22321,31.773088)
(14921,13.426858)
(35521,6.0766716)
(28822,5.829892)
(3922,5.24639)
(28322,6.343092)
(19222,184.9148)
(33822,6.1389565)
(35522,15.079983)
(32322,10.146661)
(28522,11.733185)
(28422,5.263673)
(35822,17.718678)
(27123,5.1487956)
(29023,32.642986)
(35523,59.593082)
(5323,37.45131)
(23523,5.1670823)
(26223,10.965632)
(27824,8.678969)
(3724,16.865786)
(25424,5.3254843)
(32924,12.708007)
(27024,6.8338404)
(25125,11.138969)
(26825,6.7967787)
(31525,8.257861)
(31725,11.109527)
(31126,37.608498)
(16726,8.5172415)
(26026,5.0301924)
(34326,6.005717)
(34426,11.084346)
(34026,6.254003)
(37627,5.310491)
(29827,12.298696)
(7027,17.37502)
(36027,8.839465)
(9727,12.724586)
(26827,28.529284)
(35828,21.819242)
(37428,6.114058)
(33128,42.307552)
(36528,11.786808)
(36628,253.37508)
(23228,7.6191535)
(20528,25.765207)
(6229,11.487796)
(33029,71.56617)
(5629,26.742458)
(23329,5.1279516)
(37529,8.113887)
(22329,7.178199)
(23629,8.369838)
(10830,7.217016)
(33830,5.1161523)
(31630,6.997495)
(22130,12.657241)
(25630,22.641687)
(32030,5.6295905)
(36030,9.562589)
(24830,17.361118)
(16631,24.900993)
(24431,5.1760154)
(6631,6.0048547)
(29031,5.7857122)
(36532,8.453553)
(35032,8.078987)
(28532,8.98681)
(22832,70.035385)
(29632,9.135159)
(30733,6.4062247)
(32733,5.3097734)
(32233,9.524724)
(35633,9.853899)
(27933,7.285247)
(27233,8.723843)
(9633,7.170835)
(37234,12.9165)
(28034,5.2109785)
(21334,5.372641)
(23334,6.682219)
(36934,6.8970437)
(31935,7.5737667)
(18035,8.780057)
(30235,48.270218)
(37535,21.140953)
(8635,6.8454)
(31336,10.292458)
(34536,67.006744)
(35236,5.357524)
(20236,30.707645)
(36837,13.056866)
(28337,8.40631)
(36337,9.526738)
(23837,7.6486616)
(33537,5.4453096)
(33837,14.226118)
(13638,94.03891)
(33738,5.9087005)
(18638,24.94228)
(33338,18.710295)
(33138,10.091737)
(34238,7.814319)
(22938,7.9656625)
(23838,33.151405)
(37139,6.8007383)
(28639,7.3355155)
(26639,5.589771)
(29439,22.01529)
(25839,22.00463)
(29839,10.112219)
(32539,6.218847)
(24939,5.5164995)
(15940,8.824859)
(23740,6.495689)
(28340,5.5859957)
(26540,5.760477)
(34840,5.2769523)
(33640,11.623364)
(24341,5.93857)
(6541,5.1199923)
(31441,6.4587955)
(21441,6.701283)
(31141,8.7184105)
(11242,13.479209)
(14242,32.302822)
(27742,5.47541)
(35942,6.734513)
(22642,65.40473)
(21142,29.544338)
(22442,14.443344)
(29543,5.407478)
(15143,5.0949197)
(33643,59.650295)
(1443,6.605567)
(26343,31.443836)
(28944,16.178373)
(34944,6.0130568)
(37044,8.724218)
(35944,6.6652713)
(37145,12.240911)
(18945,12.63283)
(19645,17.862093)
(29645,10.368445)
(26946,12.103443)
(13647,26.134974)
(37147,7.700721)
(24347,6.0462956)
(7847,5.670623)
(34747,19.225681)
(30047,5.058569)
(20047,8.329255)
(21447,9.752141)
(36747,5.359953)
(2347,43.09758)
(36148,14.86205)
(36648,10.801788)
(31248,5.5148597)
(25748,8.92475)
(27048,14.550698)
(17649,11.144682)
(25249,34.670513)
(6149,7.969417)
(34349,9.6801405)
(18949,5.7353544)
(35949,6.188667)
(26649,18.205223)
(36250,7.5638633)
(15750,6.3023796)
(27450,56.84026)
(24350,11.115715)
(23050,18.788076)
(11051,33.157314)
(25451,5.5201654)
(36551,5.3078814)
(24351,6.4297996)
(19351,5.571921)
(18651,8.97636)
(9051,47.700592)
(21851,16.322432)
(35051,29.21709)
(37651,11.609791)
(37351,5.965626)
(29052,16.989876)
(32452,5.8601832)
(33952,7.3009496)
(9752,5.383023)
(29552,12.898515)
(26252,5.057342)
(22452,6.788012)
(28852,6.9202914)
(36652,495.19675)
(26053,9.511402)
(9553,11.948324)
(32753,32.37216)
(19253,72.18952)
(36953,5.5496273)
(953,6.1181955)
(22353,48.61528)
(26753,7.929231)
(33453,9.4478655)
(33154,6.199543)
(17854,12.445278)
(14954,41.254227)
(33054,10.165788)
(20854,24.746346)
(21754,12.440823)
(23454,6.2133355)
(10154,9.307173)
(30454,5.363244)
(8054,19.36815)
(29055,28.560272)
(30055,5.428939)
(27855,6.1546044)
(30655,5.893388)
(36055,5.5302405)
(27655,5.102555)
(33856,5.768291)
(35456,6.0794697)
(26956,5.6277766)
(30956,9.140932)
(56,6.7381887)
(30656,5.8843856)
(37057,5.6019163)
(34857,8.162909)
(37557,13.746799)
(29557,5.7825947)
(13857,5.3490176)
(28957,124.60228)
(26457,7.451225)
(22757,5.026657)
(31957,6.0929704)
(21358,9.235026)
(19358,14.371842)
(23458,8.463157)
(35558,19.82434)
(35358,7.286223)
(25958,5.0535336)
(26958,6.4492893)
(34559,15.718059)
(36959,8.470712)
(22359,10.02011)
(36559,5.5845942)
(28959,5.4257975)
(7859,6.4150286)
(31659,9.613195)
(10660,9.226444)
(26660,6.3490863)
(35660,19.531834)
(31060,5.0920625)
(32060,19.389002)
(15460,6.8434525)
(24161,5.599744)
(35961,7.458107)
(35061,6.342402)
(37161,5.7566485)
(20861,6.2875643)
(36761,5.4695044)
(13761,16.201216)
(25062,10.12688)
(30762,6.8774843)
(30962,5.7895336)
(35762,5.312958)
(27363,12.931506)
(18163,487.89618)
(19263,5.0208635)
(26963,11.538721)
(18663,6.005735)
(20363,6.9707317)
(19063,15.185393)
(18263,5.607934)
(36363,7.9338017)
(32564,6.6660604)
(37164,5.138768)
(23664,51.032707)
(21864,7.378884)
(25564,6.0394645)
(31364,8.435027)
(22564,5.306113)
(1464,7.90733)
(14865,10.797827)
(13365,9.483536)
(36365,7.028937)
(8365,7.6276712)
(31965,5.2101865)
(35665,16.153881)
(1265,6.3294134)
(35865,5.083611)
(31365,15.477834)
(26666,18.948843)
(33366,20.52549)
(32266,7.297079)
(32566,8.074096)
(33566,6.166022)
(32066,17.914454)
(33766,7.0266986)
(25166,11.190114)
(14666,5.3360353)
(22666,69.5508)
(21766,5.1174936)
(31367,18.625864)
(36468,32.83312)
(10568,21.02439)
(30468,5.839482)
(25669,7.3008337)
(30969,8.048888)
(35569,5.6383243)
(18969,5.395306)
(26569,7.073343)
(14670,5.7244444)
(27370,7.796372)
(34970,7.707587)
(30670,14.086941)
(25270,7.5727377)
(31170,18.226574)
(33471,12.177443)
(37471,65.00014)
(35171,9.488417)
(33671,26.060392)
(36772,19.987782)
(36572,9.434078)
(32572,6.9606733)
(29772,11.998048)
(30773,9.087177)
(32373,6.760367)
(11273,5.255287)
(73,12.773345)
(20173,7.5402284)
(30373,15.749499)
(24473,12.751246)
(5673,5.273012)
(29973,7.6138916)
(35773,307.65018)
(33973,5.3418074)
(36573,5.683007)
(27173,10.343554)
(11573,10.260925)
(34774,8.666675)
(20974,11.269215)
(15074,8.528045)
(31174,5.3962817)
(24574,10.164908)
(32575,8.147937)
(21375,13.638737)
(15875,7.4104185)
(25575,10.190173)
(2075,5.378191)
(17876,5.184332)
(21376,5.2633376)
(31476,5.121609)
(23576,15.360062)
(29876,5.3568363)
(17676,7.944565)
(18876,9.685359)
(35876,80.57683)
(32876,6.2453847)
(24376,7.488018)
(28777,8.78464)
(31577,8.210236)
(26877,5.448545)
(25477,66.84192)
(20978,8.420307)
(2078,7.09297)
(12978,5.8355765)
(37678,9.933649)
(27578,8.221087)
(29078,15.857108)
(11279,20.819645)
(32979,8.048523)
(30379,17.877005)
(20780,6.1257515)
(10080,11.456364)
(35780,10.882516)
(9780,8.991863)
(16680,6.693484)
(30380,7.5826573)
(36581,6.879473)
(11081,12.542766)
(22881,42.98051)
(23881,8.0918865)
(35681,10.704453)
(31681,7.874251)
(36081,5.3901863)
(30481,7.942552)
(29082,27.204012)
(29982,28.838396)
(37682,6.5826178)
(30782,5.6991873)
(27282,6.2221727)
(22782,16.21939)
(32582,14.163783)
(27082,10.218124)
(29283,16.277454)
(26783,5.1949134)
(32684,10.359866)
(33684,7.602851)
(36984,5.0843754)
(19384,6.65282)
(34385,7.1418586)
(31785,5.7448554)
(34785,5.9304295)
(28986,11.867541)
(26786,17.83199)
(37086,5.0727086)
(35686,7.382774)
(29886,15.391744)
(37087,6.1467257)
(32987,6.414528)
(17787,6.0271373)
(35388,20.066496)
(32188,10.695351)
(36788,23.860832)
(33988,24.516321)
(36289,18.02803)
(37289,100.05446)
(29589,10.157346)
(2489,5.1445913)
(36389,5.5603004)
(34989,5.9887924)
(27589,5.7742143)
(23589,71.14382)
(26190,5.829008)
(34390,12.18265)
(16390,12.257219)
(36790,77.60655)
(21390,9.01712)
(31890,1638.6859)
(37690,19.76419)
(37490,12.724684)
(15191,93.274925)
(23491,12.728504)
(27291,5.558791)
(29391,13.907647)
(29892,12.647663)
(17792,22.172194)
(36292,5.7418365)
(34992,10.675947)
(15192,5.957014)
(29392,9.442238)
(37493,17.833178)
(37193,7.306663)
(32393,7.3232894)
(20193,5.1959558)
(17593,5.1161165)
(36293,6.8772078)
(30494,5.8093767)
(94,10.26506)
(15994,5.687278)
(33594,17.852282)
(15495,5.232409)
(17395,9.072925)
(28595,10.637971)
(34095,6.3087883)
(20095,6.8790956)
(13995,9.539541)
(22395,11.879592)
(7195,8.514265)
(10595,22.179605)
(15295,6.7640595)
(29295,6.3943424)
(31695,10.039584)
(33995,5.577296)
(27596,5.921432)
(33596,5.1160846)
(37596,5.52496)
(16496,13.453688)
(18996,9.975732)
(22196,8.493849)
(33296,10.2973795)
(1997,5.8611937)
(4197,6.1155343)
(30297,6.7570257)
(31197,5.593749)
(32097,10.652289)
(36098,11.714917)
(-2,5818.25)
(34298,10.955387)
(13598,16.884369)
(7598,8.818982)
(30199,51.426224)
(17099,19.67765)
(31099,7.403309)
(36799,6.6212277)
